SetDesc: "NLO QCD + LO QED PDF set, alphas(MZ)=0.119. mem=0 => average on replicas; mem=1-100 => PDF replicas"
SetIndex: 244800
Authors: NNPDF Collaboration. R.D. Ball, V. Bertone, S. Carrazza,  C.S. Deans, L. Del Debbio, S. Forte, A. Guffanti, N.P. Hartland, J.I. Latorre, J. Rojo and M. Ubiali
Reference: 
Format: lhagrid1
DataVersion: 5
NumMembers: 101
Particle: 2212
Flavors: [-6, -5, -4, -3, -2, -1, 1, 2, 3, 4, 5, 6, 21, 22]
OrderQCD: 1
FlavorScheme: variable
NumFlavors: 6
ErrorType: replicas
XMin: 1e-07
XMax: 1
QMin: 1.41421
QMax: 10000
MZ: 91.1876
MUp: 0
MDown: 0
MStrange: 0
MCharm: 1.41421
MBottom: 4.75
MTop: 175
AlphaS_MZ: 0.119002
AlphaS_OrderQCD: 1
AlphaS_Type: ipol
AlphaS_Qs: [1.414214e+00, 1.694634e+00, 2.030658e+00, 2.433312e+00, 2.915806e+00, 3.493973e+00, 4.186784e+00, 5.016969e+00, 6.011770e+00, 7.203827e+00, 8.632253e+00, 1.034392e+01, 1.239499e+01, 1.485275e+01, 1.779786e+01, 2.132695e+01, 2.555581e+01, 3.062320e+01, 3.669539e+01, 4.397162e+01, 5.269063e+01, 6.313850e+01, 7.565806e+01, 9.066008e+01, 9.118760e+01, 1.086368e+02, 1.301781e+02, 1.559908e+02, 1.869217e+02, 2.239859e+02, 2.683995e+02, 3.216196e+02, 3.853927e+02, 4.618111e+02, 5.533824e+02, 6.631110e+02, 7.945974e+02, 9.521559e+02, 1.140956e+03, 1.367193e+03, 1.638290e+03, 1.963142e+03, 2.352408e+03, 2.818860e+03, 3.377804e+03, 4.047580e+03, 4.850163e+03, 5.811888e+03, 6.964311e+03, 8.345245e+03, 1.000000e+04]
AlphaS_Vals: [3.599114e-01, 3.277370e-01, 3.009468e-01, 2.782985e-01, 2.589013e-01, 2.421012e-01, 2.274077e-01, 2.148410e-01, 2.044423e-01, 1.950212e-01, 1.864456e-01, 1.786062e-01, 1.714117e-01, 1.647853e-01, 1.586617e-01, 1.529856e-01, 1.477093e-01, 1.427918e-01, 1.381973e-01, 1.338948e-01, 1.298571e-01, 1.260604e-01, 1.224834e-01, 1.191076e-01, 1.190025e-01, 1.159162e-01, 1.128945e-01, 1.100291e-01, 1.074022e-01, 1.050568e-01, 1.028129e-01, 1.006641e-01, 9.860441e-02, 9.662837e-02, 9.473094e-02, 9.290749e-02, 9.115376e-02, 8.946579e-02, 8.783993e-02, 8.627279e-02, 8.476122e-02, 8.330230e-02, 8.189332e-02, 8.053172e-02, 7.921516e-02, 7.794141e-02, 7.670840e-02, 7.551421e-02, 7.435701e-02, 7.323511e-02, 7.214689e-02]
AlphaS_Lambda4: 0.342207
AlphaS_Lambda5: 0.239
